
70	0	0	0	0	0	0	0	0
70	3	1	1	1	1	1	1	1
72	0	2	2	2	2	2	2	2
72	3	3	10	3	10	3	10	3	10	3	10	3	10	3	10
74	0	4	4	4	4	4	4	4
74	3	5	5	5	5	5	5	5
76	0	6	6	6	6	6	6	6
76	3	7	7	7	7	7	7	7
78	0	8	8	8	8	8	8	8
78	3	9	9	9	9	9	9	9
1	4	11	12	11	12	11	12	11	12	11	12	11	12	11	12
5	3	13	13	13	13	13	13	13
6	3	14	14	14	14	14	14	14
7	8	15	15	15	15	15	15	15
8	8	16	16	16	16	16	16	16
3	5	17	17	17	17	17	17	17
9	4	18	18	18	18	18	18	18
13	5	19	19	19	19	19	19	19
14	5	20	20	20	20	20	20	20
17	4	21	21	21	21	21	21	21
18	4	22	22	22	22	22	22	22
12	7	23	23	23	23	23	23	23
16	7	24	24	24	24	24	24	24
21	6	25	25	25	25	25	25	25
22	4	26	26	26	26	26	26	26
23	4	27	27	27	27	27	27	27
28	5	28	28	28	28	28	28	28
29	5	29	29	29	29	29	29	29
25	8	30	30	30	30	30	30	30
26	8	31	31	31	31	31	31	31
25	5	32	323	324	32	323	324	32	323	324	32	323	324	32	323	324	32	323	324	32	323	324
29	7	33	33	33	33	33	33	33
33	3	34	34	34	34	34	34	34
34	3	35	35	35	35	35	35	35
36	6	36	36	36	36	36	36	36
37	6	37	37	37	37	37	37	37
37	8	38	38	38	38	38	38	38
40	3	39	39	39	39	39	39	39
42	7	40	41	40	41	40	41	40	41	40	41	40	41	40	41
46	4	42	43	42	43	42	43	42	43	42	43	42	43	42	43
49	4	44	44	44	44	44	44	44
50	4	45	45	45	45	45	45	45
43	5	46	46	46	46	46	46	46
45	7	47	47	47	47	47	47	47
51	6	48	48	48	48	48	48	48
52	6	49	49	49	49	49	49	49
58	6	50	232	233	234	50	232	233	234	50	232	233	234	50	232	233	234	50	232	233	234	50	232	233	234	50	232	233	234
59	6	51	51	51	51	51	51	51
52	5	52	52	52	52	52	52	52
54	8	53	53	53	53	53	53	53
56	4	54	54	54	54	54	54	54
60	4	55	55	55	55	55	55	55
61	4	56	56	56	56	56	56	56
63	5	57	57	57	57	57	57	57
0	6	58	108	58	108	58	108	58	108	58	108	58	108	58	108
1	6	59	60	59	60	59	60	59	60	59	60	59	60	59	60
2	6	61	62	109	61	62	109	61	62	109	61	62	109	61	62	109	61	62	109	61	62	109
3	6	63	64	110	111	63	64	110	111	63	64	110	111	63	64	110	111	63	64	110	111	63	64	110	111	63	64	110	111
4	6	65	66	112	113	65	66	112	113	65	66	112	113	65	66	112	113	65	66	112	113	65	66	112	113	65	66	112	113
5	6	67	67	67	67	67	67	67
0	7	68	78	68	78	68	78	68	78	68	78	68	78	68	78
1	7	69	70	79	80	69	70	79	80	69	70	79	80	69	70	79	80	69	70	79	80	69	70	79	80	69	70	79	80
2	7	71	72	81	82	71	72	81	82	71	72	81	82	71	72	81	82	71	72	81	82	71	72	81	82	71	72	81	82
3	7	73	74	83	84	73	74	83	84	73	74	83	84	73	74	83	84	73	74	83	84	73	74	83	84	73	74	83	84
4	7	75	76	85	86	75	76	85	86	75	76	85	86	75	76	85	86	75	76	85	86	75	76	85	86	75	76	85	86
5	7	77	87	77	87	77	87	77	87	77	87	77	87	77	87
0	8	88	98	88	98	88	98	88	98	88	98	88	98	88	98
1	8	89	90	99	100	89	90	99	100	89	90	99	100	89	90	99	100	89	90	99	100	89	90	99	100	89	90	99	100
2	8	91	92	101	102	91	92	101	102	91	92	101	102	91	92	101	102	91	92	101	102	91	92	101	102	91	92	101	102
3	8	93	94	103	104	93	94	103	104	93	94	103	104	93	94	103	104	93	94	103	104	93	94	103	104	93	94	103	104
4	8	95	96	105	106	95	96	105	106	95	96	105	106	95	96	105	106	95	96	105	106	95	96	105	106	95	96	105	106
5	8	97	107	97	107	97	107	97	107	97	107	97	107	97	107
7	6	114	115	114	115	114	115	114	115	114	115	114	115	114	115
8	6	116	117	116	117	116	117	116	117	116	117	116	117	116	117
12	6	118	118	118	118	118	118	118
13	6	119	120	119	120	119	120	119	120	119	120	119	120	119	120
14	6	121	122	121	122	121	122	121	122	121	122	121	122	121	122
20	4	123	124	123	124	123	124	123	124	123	124	123	124	123	124
21	4	125	125	125	125	125	125	125
20	7	126	126	126	126	126	126	126
21	7	127	127	127	127	127	127	127
24	5	128	322	128	322	128	322	128	322	128	322	128	322	128	322
24	6	129	129	129	129	129	129	129
24	7	130	131	130	131	130	131	130	131	130	131	130	131	130	131
25	7	132	133	132	133	132	133	132	133	132	133	132	133	132	133
27	6	134	135	214	215	216	134	135	214	215	216	134	135	214	215	216	134	135	214	215	216	134	135	214	215	216	134	135	214	215	216	134	135	214	215	216
27	7	136	137	136	137	136	137	136	137	136	137	136	137	136	137
28	7	138	139	138	139	138	139	138	139	138	139	138	139	138	139
30	6	140	141	142	140	141	142	140	141	142	140	141	142	140	141	142	140	141	142	140	141	142
30	8	143	143	143	143	143	143	143
31	8	144	145	144	145	144	145	144	145	144	145	144	145	144	145
32	8	146	146	146	146	146	146	146
32	6	147	148	149	150	151	152	153	154	155	156	157	158	147	148	149	150	151	152	153	154	155	156	157	158	147	148	149	150	151	152	153	154	155	156	157	158	147	148	149	150	151	152	153	154	155	156	157	158	147	148	149	150	151	152	153	154	155	156	157	158	147	148	149	150	151	152	153	154	155	156	157	158	147	148	149	150	151	152	153	154	155	156	157	158
33	6	159	160	159	160	159	160	159	160	159	160	159	160	159	160
34	6	161	161	161	161	161	161	161
37	7	162	163	217	218	219	162	163	217	218	219	162	163	217	218	219	162	163	217	218	219	162	163	217	218	219	162	163	217	218	219	162	163	217	218	219
38	7	164	165	164	165	164	165	164	165	164	165	164	165	164	165
37	5	166	166	166	166	166	166	166
38	5	167	168	167	168	167	168	167	168	167	168	167	168	167	168
39	5	169	169	169	169	169	169	169
39	4	170	171	170	171	170	171	170	171	170	171	170	171	170	171
40	7	172	173	172	173	172	173	172	173	172	173	172	173	172	173
44	5	174	175	174	175	174	175	174	175	174	175	174	175	174	175
45	5	176	176	176	176	176	176	176
48	4	177	178	179	180	181	182	183	184	185	186	187	188	177	178	179	180	181	182	183	184	185	186	187	188	177	178	179	180	181	182	183	184	185	186	187	188	177	178	179	180	181	182	183	184	185	186	187	188	177	178	179	180	181	182	183	184	185	186	187	188	177	178	179	180	181	182	183	184	185	186	187	188	177	178	179	180	181	182	183	184	185	186	187	188
48	7	189	190	189	190	189	190	189	190	189	190	189	190	189	190
48	8	191	191	191	191	191	191	191
49	8	192	193	192	193	192	193	192	193	192	193	192	193	192	193
50	8	194	194	194	194	194	194	194
54	4	195	195	195	195	195	195	195
54	5	196	197	196	197	196	197	196	197	196	197	196	197	196	197
56	7	198	199	198	199	198	199	198	199	198	199	198	199	198	199
57	7	200	235	236	237	200	235	236	237	200	235	236	237	200	235	236	237	200	235	236	237	200	235	236	237	200	235	236	237
48	5	201	201	201	201	201	201	201
12	5	202	203	204	318	202	203	204	318	202	203	204	318	202	203	204	318	202	203	204	318	202	203	204	318	202	203	204	318
20	6	205	206	207	205	206	207	205	206	207	205	206	207	205	206	207	205	206	207	205	206	207
21	5	208	209	210	208	209	210	208	209	210	208	209	210	208	209	210	208	209	210	208	209	210
22	8	211	212	213	211	212	213	211	212	213	211	212	213	211	212	213	211	212	213	211	212	213
40	5	220	221	222	220	221	222	220	221	222	220	221	222	220	221	222	220	221	222	220	221	222
46	6	223	224	225	223	224	225	223	224	225	223	224	225	223	224	225	223	224	225	223	224	225
47	6	226	227	228	335	336	226	227	228	335	336	226	227	228	335	336	226	227	228	335	336	226	227	228	335	336	226	227	228	335	336	226	227	228	335	336
50	5	229	230	231	229	230	231	229	230	231	229	230	231	229	230	231	229	230	231	229	230	231
58	8	238	239	240	238	239	240	238	239	240	238	239	240	238	239	240	238	239	240	238	239	240
62	7	241	242	244	245	241	242	244	245	241	242	244	245	241	242	244	245	241	242	244	245	241	242	244	245	241	242	244	245
63	7	243	246	243	246	243	246	243	246	243	246	243	246	243	246
64	3	247	248	247	248	247	248	247	248	247	248	247	248	247	248
64	4	249	250	249	250	249	250	249	250	249	250	249	250	249	250
64	5	251	252	251	252	251	252	251	252	251	252	251	252	251	252
64	6	253	254	253	254	253	254	253	254	253	254	253	254	253	254
64	7	255	256	255	256	255	256	255	256	255	256	255	256	255	256
65	8	257	284	285	257	284	285	257	284	285	257	284	285	257	284	285	257	284	285	257	284	285
66	8	258	264	286	287	258	264	286	287	258	264	286	287	258	264	286	287	258	264	286	287	258	264	286	287	258	264	286	287
67	7	259	260	261	262	259	260	261	262	259	260	261	262	259	260	261	262	259	260	261	262	259	260	261	262	259	260	261	262
68	7	263	263	263	263	263	263	263
67	8	265	266	288	289	265	266	288	289	265	266	288	289	265	266	288	289	265	266	288	289	265	266	288	289	265	266	288	289
68	8	267	290	291	267	290	291	267	290	291	267	290	291	267	290	291	267	290	291	267	290	291
60	8	268	276	268	276	268	276	268	276	268	276	268	276	268	276
61	8	269	270	277	278	269	270	277	278	269	270	277	278	269	270	277	278	269	270	277	278	269	270	277	278	269	270	277	278
62	8	271	272	279	280	271	272	279	280	271	272	279	280	271	272	279	280	271	272	279	280	271	272	279	280	271	272	279	280
63	8	273	274	281	282	273	274	281	282	273	274	281	282	273	274	281	282	273	274	281	282	273	274	281	282	273	274	281	282
64	8	275	283	275	283	275	283	275	283	275	283	275	283	275	283
69	8	292	293	356	357	292	293	356	357	292	293	356	357	292	293	356	357	292	293	356	357	292	293	356	357	292	293	356	357
70	8	294	295	294	295	294	295	294	295	294	295	294	295	294	295
71	8	296	297	296	297	296	297	296	297	296	297	296	297	296	297
72	8	298	299	298	299	298	299	298	299	298	299	298	299	298	299
73	8	300	301	300	301	300	301	300	301	300	301	300	301	300	301
74	8	302	303	302	303	302	303	302	303	302	303	302	303	302	303
75	8	304	305	304	305	304	305	304	305	304	305	304	305	304	305
76	8	306	307	306	307	306	307	306	307	306	307	306	307	306	307
77	8	308	309	308	309	308	309	308	309	308	309	308	309	308	309
78	8	310	311	310	311	310	311	310	311	310	311	310	311	310	311
79	8	312	313	312	313	312	313	312	313	312	313	312	313	312	313
80	8	314	315	314	315	314	315	314	315	314	315	314	315	314	315
11	5	316	317	316	317	316	317	316	317	316	317	316	317	316	317
13	4	319	319	319	319	319	319	319
14	4	320	321	320	321	320	321	320	321	320	321	320	321	320	321
27	4	325	326	325	326	325	326	325	326	325	326	325	326	325	326
28	4	327	327	327	327	327	327	327
42	4	328	329	328	329	328	329	328	329	328	329	328	329	328	329
43	4	330	330	330	330	330	330	330
47	4	331	332	331	332	331	332	331	332	331	332	331	332	331	332
47	5	333	334	333	334	333	334	333	334	333	334	333	334	333	334
47	7	337	338	337	338	337	338	337	338	337	338	337	338	337	338
59	5	339	339	339	339	339	339	339
60	5	340	341	340	341	340	341	340	341	340	341	340	341	340	341
0	16	342	343	342	343	342	343	342	343	342	343	342	343	342	343
61	5	344	344	344	344	344	344	344
2	0	345	345	345	345	345	345	345
61	6	346	347	348	349	346	347	348	349	346	347	348	349	346	347	348	349	346	347	348	349	346	347	348	349	346	347	348	349
61	7	350	351	352	353	350	351	352	353	350	351	352	353	350	351	352	353	350	351	352	353	350	351	352	353	350	351	352	353
69	7	354	355	354	355	354	355	354	355	354	355	354	355	354	355
1	9	358	358	358	358	358	358	358
