[TEXTURES]
0	textures\MiniMap.png	0	0	255
1	textures\MinimapBackround.png	0	0	0
2	textures\black.png	255	0	255
# id	left	top	right	bottom	texture_id
[SPRITES]
#backround
9999	0	0	224	144	1
9998	0	0	400	400	2
#TREE
1001	1	17	17	32	0
1002	52	17	68	32	0
1003	18	17	34	32	0
#ROCK 
2001	120	50	136	66	0
#NUMBER 
3001	35	33	51	48	0
3002	52	33	68	48	0
3003	69	33	85	48	0
3004	86	33	102	48	0
3005	103	33	119	48	0
3006	120	33	136	48	0
#START 
4001	1	33	17	49	0
#MUSHROOM
5001	69	17	85	32	0
#LINE 
6001	2	107	17	123	0
6002	43	70	59	85	0
6003	23	107	38	123	0
6004	43	89	59	104	0
6005	154	33	170	49	0
6006	137	0	153	15	0
6007	154	0	170	15	0
#RIVER 
7001	1	50	17	66	0
7002	18	50	34	66	0
7003	35	50	51	66	0
7004	52	50	68	66	0
7005	86	50	102	66	0
7006	103	50	119	66	0
#LOCK 
8001	86	17	102	32	0
#OTHER
#catle
9001	69	1	85	16	0
9002	52	1	68	16	0
#heart
9003	18	33	34	48	0
#brid
9004	69	50	85	66	0
#MINI MARIO 
10001	138	50	152	66	0
10002	155	50	169	66	0
# ani_id	sprite1_id	time1	sprite2_id	time2	...
[ANIMATIONS]
#backround
99999	9999	100
99998	9998	100
#TREE
10001	1001	200 	1002	200	1003	200
#ROCK 
20001	2001	100
#NUMBER 
30001	3001	100
30002	3002	100
30003	3003	100
30004	3004	100
30005	3005	100
30006	3006	100
#START 
40001	4001	100
#MUSHROOM
50001	5001	100
#LINE
60001	6001	100
60002	6002	100
60003	6003	100
60004	6004	100
60005	6005	100
60006	6006	100
60007	6007	100
#RIVER 
70001	7001	100
70002	7002	100
70003	7003	100
70004	7004	100
70005	7005	100
70006	7006	100
#LOCK 
80001	8001	100
#OTHER
#catle
90001	9001	100
90002	9002	100
#heart
90003	9003	100
#brid
90004	9004	100
#MINI MARIO 
100001	10001	100	10002	100
[ANIMATION_SETS]
#backround
999	99999
998	99998
#TREE 
101	10001
#ROCK 
201	20001
#NUMBER 
301	30001
302	30002
303	30003
304	30004
305	30005
306	30006
#START 
401	40001
#MUSHROOM
501	50001
#LINE
601	60001
602	60002
603	60003
604	60004
605	60005
606	60006
607	60007
#RIVER
701	70001
702	70002
703	70003
704	70004
705	70005
706	70006
#LOCK
801	80001
#OTHER
#catle
901	90001
902	90002
#heart
903	90003
#brid
904	90004
#MINI MARIO 
1001	100001
[OBJECTS]
#backorund 
4	0	0	998
4	70	70	999
4	85	70	101
4	101	70	101
4	117	70	101
4	85	86	101
4	101	86	101
4	117	86	101
4	85	118	101
4	101	118	101
4	117	118	101
4	85	134	101
4	101	134	101
4	117	134	101
4	85	150	101
4	149	86	101
4	165	86	101
4	181	86	101
4	149	102	101
4	165	102	101
4	181	102	101
4	149	118	101
4	165	118	101
4	181	118	101
4	293	70	101
4	293	86	101
4	293	102	101
4	293	118	101
4	293	134	101
4	293	150	101
4	293	166	101
4	293	182	101
4	293	198	101
4	277	70	101
4	277	86	101
4	277	102	101
4	277	118	101
4	213	118	101
4	229	118	101
4	245	118	101
4	261	118	101
4	213	134	101
4	229	134	101
4	165	150	101
4	181	150	101
4	197	150	101
4	213	86	101
4	229	86	101
4	245	86	101
#ROCKKKK
4	117	166	201
4	101	182	201
4	117	182	201
4	101	198	201
4	117	198	201

4	149	166	201
4	149	182	201
4	165	182	201

#START 
4	101	102	401
#MUSHROOM
4	261	102	501
4	165	166	501
#LINE
4	85	102	604
4	117	102	604
4	132	101	605
4	133	86	603
4	149	70	604
4	165	70	606
4	181	70	604
4	213	70	604
4	245	70	604
4	262	85	603
4	261	70	606
4	245	102	604
4	213	102	604
4	196	102	607
4	197	86	603
4	197	118	603
4	181	134	604
4	149	134	604
4	133	134	607
4	133	150	603
4	133	166	603
4	133	182	603
4	149	198	604
4	165	198	604
4	181	198	604
4	213	182	603
4	213	166	604
4	197	182	603
4	196	167	606
4	181	167	604
4	245	166	604
4	229	166	604

#NUMBERRRR
4	133	70	301
4	197	70	302
4	229	70	303
4	229	102	304
4	133	198	305
4	197	198	306
#RIVER
4	277	134	703
4	261	134	702
4	245	134	704
4	245	150	705
4	229	150	702
4	213	150	704
4	213	182	701
4	213	198	706
4	229	198	702
4	245	198	702
4	261	198	702
4	277	198	705
4	277	182	701
4	277	166	701
4	277	150	701
#OTHER 
4	165	134	901
4	261	166	902
4	197	134	903
4	213	166	904
4	133	118	801
#MARIO 
1000	102	102	1001
